1 1 13.7919  0.1919  0.1137  0.3037
1 2 13.8548  0.2087  0.1015  0.3949
1 3 13.9042  0.2135  0.0833  0.3543
1 4 13.9439  0.1519  0.0282  0.2792
1 5 13.9917  0.1368  0.0390  0.2784
1 6 14.0425  0.1383 -0.0028  0.2674
1 7 14.1049  0.1610  0.0396  0.2662
1 8 14.1462  0.1545  0.0463  0.2438
1 9 14.1849  0.1425  0.0307  0.2685
1 10 14.2119  0.1070 -0.0402  0.2116
1 11 14.2605  0.1144 -0.0098  0.2227
1 12 14.2920  0.1071  0.0200  0.1972
1 13 14.3277  0.1158 -0.0071  0.2096
1 14 14.3694  0.1089  0.0063  0.2321
1 15 14.4050  0.1130 -0.0104  0.2459
1 16 14.4479  0.1202  0.0229  0.2697
1 17 14.4892  0.1198 -0.0062  0.2712
1 18 14.5270  0.1220 -0.0265  0.2422
1 19 14.5814  0.1335 -0.0030  0.2332
1 20 14.6186  0.1293  0.0255  0.2264
1 21 14.6403  0.1132  0.0096  0.2253
1 22 14.6771  0.0957  0.0055  0.2247
1 23 14.7194  0.1009  0.0180  0.2172
1 24 14.7477  0.1075 -0.0351  0.2335
1 25 14.7805  0.1034 -0.0092  0.2261
1 26 14.8134  0.0940 -0.0184  0.2113
1 27 14.8521  0.1044 -0.0198  0.2152
1 28 14.8992  0.1187 -0.0285  0.2316
1 29 14.9204  0.1069 -0.0105  0.2032
1 30 14.9527  0.1006 -0.0478  0.2151
1 31 14.9888  0.0896 -0.1059  0.2283
2 1 15.0398  0.1195 -0.0010  0.2262
2 2 15.0744  0.1217  0.0159  0.2078
2 3 15.0886  0.0998  0.0189  0.1864
2 4 15.0982  0.0583 -0.0376  0.1514
2 5 15.1222  0.0477 -0.0418  0.1703
2 6 15.1361  0.0475 -0.0564  0.1683
2 7 15.1582  0.0601 -0.0510  0.1936
2 8 15.1882  0.0660 -0.0541  0.2263
2 9 15.2122  0.0761 -0.0907  0.2170
2 10 15.2314  0.0732 -0.0574  0.1827
2 11 15.2386  0.0504 -0.0669  0.1655
2 12 15.2493  0.0371 -0.0984  0.1631
2 13 15.2669  0.0355 -0.1389  0.1913
2 14 15.2815  0.0429 -0.1227  0.1611
2 15 15.3026  0.0533 -0.0825  0.1560
2 16 15.3196  0.0527 -0.0717  0.1832
2 17 15.3623  0.0808 -0.0282  0.2027
2 18 15.3769  0.0743 -0.0448  0.1775
2 19 15.3884  0.0688 -0.0905  0.1556
2 20 15.4169  0.0547 -0.0956  0.1789
2 21 15.4368  0.0600 -0.0807  0.1800
2 22 15.4511  0.0627 -0.0411  0.1287
2 23 15.4647  0.0478 -0.0481  0.1064
2 24 15.4781  0.0412 -0.0745  0.1512
2 25 15.4754  0.0243 -0.0998  0.1637
2 26 15.4859  0.0212 -0.0954  0.1816
2 27 15.5114  0.0333 -0.0786  0.2231
2 28 15.5190  0.0435 -0.1131  0.1944
3 1 15.5048  0.0109 -0.2130  0.1491
3 2 15.5105 -0.0039 -0.1723  0.1488
3 3 15.4987 -0.0143 -0.2015  0.0998
3 4 15.4874 -0.0174 -0.1548  0.0856
3 5 15.4968 -0.0137 -0.1272  0.0826
3 6 15.5050  0.0063 -0.0728  0.0889
3 7 15.4862 -0.0012 -0.1032  0.0915
3 8 15.4964 -0.0005 -0.1196  0.1225
3 9 15.5073  0.0024 -0.1692  0.1439
3 10 15.5015  0.0154 -0.1386  0.1452
3 11 15.5109  0.0145 -0.1176  0.1600
3 12 15.4980 -0.0093 -0.1326  0.1048
3 13 15.4973 -0.0042 -0.1353  0.1455
3 14 15.4831 -0.0277 -0.2074  0.1062
3 15 15.4659 -0.0322 -0.2165  0.1191
3 16 15.4532 -0.0441 -0.2137  0.1369
3 17 15.4416 -0.0416 -0.1748  0.1230
3 18 15.4199 -0.0460 -0.1864  0.0827
3 19 15.4039 -0.0493 -0.1601  0.0630
3 20 15.3996 -0.0420 -0.2068  0.1223
3 21 15.3875 -0.0324 -0.1600  0.0844
3 22 15.3732 -0.0308 -0.1723  0.0894
3 23 15.3604 -0.0392 -0.1993  0.1119
3 24 15.3625 -0.0249 -0.1373  0.0534
3 25 15.3455 -0.0277 -0.1318  0.0845
3 26 15.3484 -0.0120 -0.0955  0.0938
3 27 15.3214 -0.0411 -0.1111  0.0189
3 28 15.3026 -0.0429 -0.1319  0.0729
3 29 15.3042 -0.0442 -0.1745  0.0846
3 30 15.2952 -0.0262 -0.1614  0.1175
3 31 15.2771 -0.0255 -0.1573  0.0851
4 1 15.2256 -0.0787 -0.1628  0.0211
4 2 15.1816 -0.1136 -0.2840  0.0411
4 3 15.1545 -0.1226 -0.2799  0.0125
4 4 15.1192 -0.1063 -0.2297  0.0060
4 5 15.0910 -0.0906 -0.2092  0.0196
4 6 15.0668 -0.0877 -0.1946  0.0030
4 7 15.0272 -0.0920 -0.1817  0.0208
4 8 14.9926 -0.0984 -0.2112 -0.0008
4 9 14.9516 -0.1152 -0.2476 -0.0054
4 10 14.9127 -0.1145 -0.2046  0.0222
4 11 14.8632 -0.1295 -0.2876 -0.0146
4 12 14.8106 -0.1410 -0.3113 -0.0110
4 13 14.7836 -0.1292 -0.2423 -0.0121
4 14 14.7432 -0.1200 -0.2231 -0.0293
4 15 14.7122 -0.0984 -0.2066 -0.0066
4 16 14.6719 -0.1117 -0.2147 -0.0067
4 17 14.6371 -0.1061 -0.1933 -0.0318
4 18 14.5838 -0.1283 -0.2312 -0.0386
4 19 14.5451 -0.1267 -0.2403 -0.0392
4 20 14.5279 -0.1092 -0.2348  0.0102
4 21 14.4952 -0.0886 -0.1998  0.0136
4 22 14.4604 -0.0848 -0.1764  0.0012
4 23 14.4185 -0.1094 -0.2083 -0.0200
4 24 14.3703 -0.1250 -0.2027 -0.0139
4 25 14.3300 -0.1304 -0.2053 -0.0320
4 26 14.2796 -0.1389 -0.2090 -0.0400
4 27 14.2454 -0.1248 -0.1898 -0.0337
4 28 14.1896 -0.1404 -0.2344 -0.0289
4 29 14.1432 -0.1365 -0.2436 -0.0342
4 30 14.0795 -0.1659 -0.2717 -0.0891
5 1 13.9407 -0.2490 -0.3317 -0.1665
5 2 13.8892 -0.2540 -0.3206 -0.2032
5 3 13.8480 -0.2315 -0.3343 -0.1170
5 4 13.8150 -0.1257 -0.2404 -0.0306
5 5 13.7629 -0.1262 -0.2071 -0.0519
5 6 13.7214 -0.1266 -0.1930 -0.0642
5 7 13.6743 -0.1407 -0.2048 -0.0782
5 8 13.6374 -0.1255 -0.2206 -0.0405
5 9 13.5846 -0.1368 -0.2157 -0.0603
5 10 13.5467 -0.1276 -0.2001 -0.0300
5 11 13.4947 -0.1427 -0.2312 -0.0531
5 12 13.4692 -0.1154 -0.1943 -0.0349
5 13 13.4267 -0.1200 -0.2076 -0.0556
5 14 13.3903 -0.1044 -0.1764 -0.0355
5 15 13.3371 -0.1321 -0.1931 -0.0815
5 16 13.2859 -0.1409 -0.2296 -0.0608
5 17 13.2393 -0.1510 -0.2285 -0.0799
5 18 13.1955 -0.1417 -0.2592 -0.0498
5 19 13.1533 -0.1326 -0.2264 -0.0249
5 20 13.1067 -0.1326 -0.2765 -0.0124
5 21 13.0534 -0.1420 -0.2408 -0.0410
5 22 13.0010 -0.1523 -0.2502 -0.0659
5 23 12.9641 -0.1426 -0.2190 -0.0727
5 24 12.9291 -0.1243 -0.2116 -0.0437
5 25 12.8900 -0.1111 -0.2038 -0.0125
5 26 12.8502 -0.1139 -0.1851 -0.0277
5 27 12.8171 -0.1121 -0.1844 -0.0313
5 28 12.7783 -0.1117 -0.1873 -0.0249
5 29 12.7375 -0.1127 -0.2068 -0.0259
5 30 12.6872 -0.1299 -0.1923 -0.0841
5 31 12.6345 -0.1437 -0.2121 -0.0713
6 1 12.4977 -0.2398 -0.3389 -0.1303
6 2 12.4455 -0.2417 -0.3572 -0.1687
6 3 12.3925 -0.2420 -0.3590 -0.1502
6 4 12.3473 -0.1504 -0.2415 -0.0695
6 5 12.3015 -0.1440 -0.2175 -0.0784
6 6 12.2549 -0.1376 -0.2117 -0.0642
6 7 12.2090 -0.1383 -0.2116 -0.0768
6 8 12.1646 -0.1370 -0.2374 -0.0739
6 9 12.1190 -0.1360 -0.2216 -0.0615
6 10 12.0753 -0.1337 -0.2104 -0.0459
6 11 12.0414 -0.1232 -0.2082 -0.0469
6 12 12.0033 -0.1157 -0.1980 -0.0492
6 13 11.9459 -0.1293 -0.1940 -0.0503
6 14 11.8934 -0.1479 -0.2157 -0.0687
6 15 11.8433 -0.1600 -0.2383 -0.0697
6 16 11.7875 -0.1585 -0.2391 -0.0820
6 17 11.7295 -0.1640 -0.2511 -0.0719
6 18 11.6643 -0.1790 -0.2598 -0.1008
6 19 11.6088 -0.1786 -0.2847 -0.1147
6 20 11.5490 -0.1805 -0.2647 -0.0919
6 21 11.4838 -0.1804 -0.2705 -0.0865
6 22 11.4307 -0.1781 -0.2821 -0.0720
6 23 11.3777 -0.1713 -0.2870 -0.0623
6 24 11.3028 -0.1811 -0.2810 -0.1056
6 25 11.2490 -0.1817 -0.3029 -0.0706
6 26 11.1836 -0.1941 -0.2765 -0.1108
6 27 11.1180 -0.1848 -0.2869 -0.0999
6 28 11.0395 -0.2095 -0.3134 -0.1139
6 29 10.9715 -0.2122 -0.3224 -0.1196
6 30 10.8996 -0.2184 -0.2776 -0.1315
7 1 10.6921 -0.3474 -0.4428 -0.2642
7 2 10.6180 -0.3535 -0.4358 -0.2860
7 3 10.5509 -0.3487 -0.4880 -0.2488
7 4 10.4917 -0.2004 -0.2888 -0.0894
7 5 10.4104 -0.2076 -0.2878 -0.1170
7 6 10.3185 -0.2324 -0.3369 -0.1258
7 7 10.2353 -0.2564 -0.3482 -0.1657
7 8 10.1714 -0.2390 -0.3501 -0.1449
7 9 10.1017 -0.2168 -0.3060 -0.1320
7 10 10.0095 -0.2258 -0.2822 -0.1399
7 11  9.9303 -0.2412 -0.3540 -0.1347
7 12  9.8482 -0.2535 -0.3822 -0.1240
7 13  9.7527 -0.2569 -0.3760 -0.1629
7 14  9.6724 -0.2579 -0.3863 -0.1285
7 15  9.5642 -0.2840 -0.3998 -0.1649
7 16  9.4805 -0.2722 -0.3490 -0.1953
7 17  9.4009 -0.2716 -0.3569 -0.1906
7 18  9.3056 -0.2586 -0.3364 -0.1878
7 19  9.2154 -0.2651 -0.3532 -0.1809
7 20  9.1275 -0.2734 -0.3789 -0.1729
7 21  9.0304 -0.2752 -0.3649 -0.1602
7 22  8.9526 -0.2628 -0.3679 -0.1808
7 23  8.8510 -0.2765 -0.3516 -0.1731
7 24  8.7725 -0.2579 -0.3629 -0.1578
7 25  8.6836 -0.2689 -0.3951 -0.1744
7 26  8.6099 -0.2411 -0.3614 -0.1391
7 27  8.5176 -0.2549 -0.3579 -0.1369
7 28  8.4312 -0.2524 -0.4024 -0.1195
7 29  8.3455 -0.2644 -0.3561 -0.1750
7 30  8.2685 -0.2491 -0.3082 -0.1730
7 31  8.1888 -0.2425 -0.3395 -0.0899
8 1  8.0892 -0.2563 -0.3644 -0.1437
8 2  8.0026 -0.2659 -0.3570 -0.1722
8 3  7.9427 -0.2461 -0.3745 -0.1665
8 4  7.8807 -0.2085 -0.2868 -0.1155
8 5  7.8070 -0.1956 -0.3191 -0.1129
8 6  7.7481 -0.1947 -0.2833 -0.0624
8 7  7.6625 -0.2182 -0.3231 -0.0801
8 8  7.6085 -0.1985 -0.2813 -0.0750
8 9  7.5376 -0.2104 -0.3220 -0.1410
8 10  7.4647 -0.1977 -0.2649 -0.1210
8 11  7.4107 -0.1978 -0.2805 -0.1029
8 12  7.3604 -0.1772 -0.2686 -0.0765
8 13  7.3002 -0.1645 -0.2371 -0.1014
8 14  7.2375 -0.1732 -0.2595 -0.0722
8 15  7.1910 -0.1693 -0.2891 -0.0757
8 16  7.1347 -0.1655 -0.2858 -0.0816
8 17  7.0914 -0.1461 -0.2172 -0.0663
8 18  7.0426 -0.1484 -0.2450 -0.0527
8 19  6.9920 -0.1427 -0.2398 -0.0324
8 20  6.9387 -0.1527 -0.2663 -0.0664
8 21  6.8955 -0.1471 -0.2339 -0.0408
8 22  6.8581 -0.1339 -0.1984 -0.0617
8 23  6.8135 -0.1252 -0.2115 -0.0327
8 24  6.7661 -0.1294 -0.2154 -0.0142
8 25  6.7298 -0.1283 -0.2072 -0.0530
8 26  6.6891 -0.1244 -0.1956 -0.0408
8 27  6.6534 -0.1128 -0.1945 -0.0357
8 28  6.6153 -0.1145 -0.1756 -0.0418
8 29  6.5664 -0.1227 -0.2360 -0.0613
8 30  6.5336 -0.1198 -0.2033 -0.0310
8 31  6.5079 -0.1073 -0.1900 -0.0261
9 1  6.4486 -0.1179 -0.1867 -0.0610
9 2  6.4135 -0.1201 -0.2213 -0.0387
9 3  6.3922 -0.1158 -0.2033 -0.0025
9 4  6.3658 -0.0828 -0.1772  0.0174
9 5  6.3442 -0.0693 -0.1627  0.0416
9 6  6.3168 -0.0753 -0.1611  0.0172
9 7  6.3031 -0.0627 -0.1480  0.0319
9 8  6.2944 -0.0498 -0.1405  0.0291
9 9  6.2965 -0.0203 -0.1008  0.0684
9 10  6.2761 -0.0270 -0.0964  0.0350
9 11  6.2694 -0.0250 -0.0971  0.0581
9 12  6.2676 -0.0289 -0.0954  0.0448
9 13  6.2793  0.0032 -0.0698  0.0682
9 14  6.2844  0.0151 -0.0720  0.1056
9 15  6.2889  0.0213 -0.0590  0.1354
9 16  6.2870  0.0077 -0.0739  0.0807
9 17  6.2992  0.0147 -0.1123  0.1138
9 18  6.3084  0.0195 -0.0915  0.1344
9 19  6.3379  0.0509 -0.0508  0.1498
9 20  6.3789  0.0798 -0.0337  0.2115
9 21  6.4134  0.1050 -0.0083  0.2469
9 22  6.4331  0.0952 -0.0591  0.2670
9 23  6.4643  0.0854 -0.0290  0.2029
9 24  6.5043  0.0909 -0.0317  0.1820
9 25  6.5508  0.1177 -0.0018  0.2363
9 26  6.5991  0.1348  0.0274  0.2805
9 27  6.6507  0.1464  0.0203  0.2560
9 28  6.7056  0.1548  0.0469  0.2710
9 29  6.7651  0.1660  0.0628  0.2824
9 30  6.8322  0.1815  0.0290  0.2812
10 1  6.9874  0.2818  0.1790  0.3749
10 2  7.0846  0.3195  0.2248  0.4329
10 3  7.1711  0.3389  0.2156  0.4707
10 4  7.2601  0.2727  0.1155  0.4402
10 5  7.3456  0.2610  0.1193  0.3699
10 6  7.4314  0.2603  0.1135  0.4007
10 7  7.5221  0.2620  0.1237  0.4292
10 8  7.6046  0.2590  0.1042  0.4205
10 9  7.6943  0.2629  0.1277  0.4191
10 10  7.7852  0.2630  0.1010  0.3989
10 11  7.8786  0.2740  0.1221  0.5204
10 12  7.9868  0.2925  0.1452  0.4611
10 13  8.0913  0.3061  0.1330  0.4893
10 14  8.2027  0.3241  0.1668  0.5260
10 15  8.2942  0.3074  0.1545  0.5558
10 16  8.3847  0.2934  0.1119  0.5549
10 17  8.4702  0.2675  0.1099  0.4711
10 18  8.5749  0.2808  0.0875  0.4391
10 19  8.6545  0.2698  0.0712  0.4622
10 20  8.7346  0.2644  0.0582  0.4970
10 21  8.8277  0.2528  0.0520  0.4651
10 22  8.9316  0.2772  0.0780  0.4550
10 23  9.0219  0.2873  0.1134  0.5120
10 24  9.1040  0.2763  0.1158  0.4337
10 25  9.1604  0.2287  0.0578  0.4127
10 26  9.2167  0.1948  0.0370  0.3440
10 27  9.3101  0.2061  0.0139  0.3127
10 28  9.4000  0.2396  0.0997  0.4385
10 29  9.4768  0.2600  0.1154  0.5091
10 30  9.5433  0.2332  0.0925  0.4068
10 31  9.6296  0.2297  0.1064  0.4012
11 1  9.7552  0.2785  0.1518  0.4543
11 2  9.8396  0.2963  0.1691  0.4444
11 3  9.8971  0.2675  0.1164  0.3991
11 4  9.9539  0.1987  0.0987  0.3521
11 5 10.0123  0.1727 -0.0038  0.3203
11 6 10.0669  0.1698  0.0147  0.2879
11 7 10.1248  0.1709  0.0185  0.2812
11 8 10.1888  0.1765  0.0495  0.3067
11 9 10.2584  0.1915  0.0829  0.2955
11 10 10.3277  0.2029  0.0952  0.3115
11 11 10.3840  0.1951  0.0926  0.2883
11 12 10.4578  0.1994  0.0708  0.3130
11 13 10.5426  0.2149  0.0759  0.3723
11 14 10.6028  0.2188  0.1141  0.3486
11 15 10.6737  0.2159  0.0906  0.3295
11 16 10.7444  0.2018  0.0700  0.3320
11 17 10.8081  0.2053  0.0630  0.3924
11 18 10.8544  0.1807  0.0546  0.2934
11 19 10.9143  0.1699  0.0579  0.2986
11 20 10.9744  0.1663  0.0258  0.2630
11 21 11.0445  0.1900  0.0606  0.3141
11 22 11.1060  0.1917  0.0767  0.3021
11 23 11.1739  0.1995  0.0683  0.3303
11 24 11.2551  0.2107  0.0621  0.3233
11 25 11.3403  0.2342  0.1145  0.3280
11 26 11.4210  0.2471  0.1172  0.3579
11 27 11.4857  0.2306  0.1303  0.3745
11 28 11.5638  0.2236  0.1001  0.4167
11 29 11.6284  0.2074  0.0539  0.3553
11 30 11.7022  0.2165  0.1069  0.3405
12 1 11.8831  0.3193  0.2407  0.3971
12 2 11.9655  0.3370  0.2388  0.4574
12 3 12.0364  0.3341  0.2057  0.4094
12 4 12.1236  0.2405  0.0919  0.4112
12 5 12.2020  0.2365  0.0997  0.3765
12 6 12.2721  0.2358  0.1298  0.3348
12 7 12.3385  0.2149  0.0642  0.3703
12 8 12.4094  0.2075  0.0354  0.3552
12 9 12.4739  0.2018  0.0747  0.3259
12 10 12.5300  0.1915  0.0746  0.3570
12 11 12.6029  0.1934  0.0856  0.3329
12 12 12.6563  0.1824  0.0871  0.2755
12 13 12.7095  0.1795  0.0398  0.3160
12 14 12.7788  0.1759  0.0041  0.3720
12 15 12.8506  0.1942  0.0885  0.3044
12 16 12.9068  0.1973  0.0867  0.3115
12 17 12.9617  0.1830  0.0123  0.3125
12 18 13.0293  0.1787 -0.0207  0.3244
12 19 13.0811  0.1743  0.0352  0.3072
12 20 13.1211  0.1594  0.0366  0.2889
12 21 13.1756  0.1463  0.0098  0.2774
12 22 13.2329  0.1518  0.0138  0.2472
12 23 13.2963  0.1751  0.0551  0.2994
12 24 13.3511  0.1755  0.0692  0.2810
12 25 13.3875  0.1546  0.0654  0.2660
12 26 13.4266  0.1304  0.0304  0.2521
12 27 13.4527  0.1016 -0.0043  0.2733
12 28 13.4958  0.1083 -0.0884  0.2405
12 29 13.5442  0.1176 -0.0386  0.2530
12 30 13.5950  0.1423  0.0333  0.2511
12 31 13.6406  0.1448  0.0478  0.2558
